#B,10,10
B,1,1,7.543712854385328E-4
B,1,3,1.4333054423332128E-4
B,1,5,1.3578683137893598E-4
B,1,7,1.433305442333213E-4
B,1,9,7.543712854385326E-4
B,3,1,1.4333054423332128E-4
B,3,3,2.9948540031909763E-5
B,3,5,2.579949796199782E-5
B,3,7,2.4517066776752316E-5
B,3,9,1.4333054423332125E-4
B,5,1,1.3578683137893595E-4
B,5,3,2.5799497961997816E-5
B,5,5,2.444162964820846E-5
B,5,7,2.5799497961997837E-5
B,5,9,1.3578683137893595E-4
B,7,1,1.4333054423332125E-4
B,7,3,2.451706677675233E-5
B,7,5,2.579949796199781E-5
B,7,7,2.9948540031909773E-5
B,7,9,1.433305442333212E-4
B,9,1,7.543712854385328E-4
B,9,3,1.433305442333213E-4
B,9,5,1.3578683137893595E-4
B,9,7,1.4333054423332128E-4
B,9,9,7.543712854385326E-4
