#B,5,5
B,0,0,2.9948540031909753E-5
B,0,1,1.4333054423332128E-4
B,0,2,2.579949796199781E-5
B,0,3,1.4333054423332125E-4
B,0,4,2.4517066776752347E-5
B,1,0,1.4333054423332128E-4
B,1,1,7.543712854385324E-4
B,1,2,1.3578683137893595E-4
B,1,3,7.543712854385324E-4
B,1,4,1.4333054423332128E-4
B,2,0,2.5799497961997813E-5
B,2,1,1.3578683137893593E-4
B,2,2,2.4441629648208462E-5
B,2,3,1.3578683137893593E-4
B,2,4,2.5799497961997813E-5
B,3,0,1.4333054423332128E-4
B,3,1,7.543712854385324E-4
B,3,2,1.3578683137893595E-4
B,3,3,7.543712854385324E-4
B,3,4,1.4333054423332128E-4
B,4,0,2.4517066776752347E-5
B,4,1,1.4333054423332125E-4
B,4,2,2.579949796199781E-5
B,4,3,1.4333054423332128E-4
B,4,4,2.9948540031909753E-5
